CMPSC311 - Assignment #1 - Spring 2020

Testing printfloatArr311 (floats): 47.19, 52.39, 66.18, 11.02, 77.52, 66.37, 4.95, 14.78, 69.11, 57.70, 40.87, 70.82, 69.34, 11.02, 62.02, 59.91, 44.01, 63.59, 3.36, 68.29, 46.23, 83.24, 51.93, 20.91, 53.42, 90.01, 39.17, 61.28, 53.69, 44.27, 43.96, 40.58, 51.74, 86.80, 48.40, 53.88, 37.36, 37.07, 31.89, 40.96, 55.53, 7.74, 49.65, 36.16, 77.87, 22.27, 13.14, 44.09, 75.03, 17.57, 37.19, 46.69, 34.92, 45.14, 70.47, 52.77, 54.22, 46.50, 44.48, 92.28, 55.75, 84.50, 78.62, 21.50, 54.18, 40.84, 40.73, 53.77, 23.73, 37.09, 47.27, 58.17, 38.21, 11.38, 55.67, 31.46, 25.31, 7.72, 17.58, 59.94, 45.31, 38.21, 5.14, 56.58, 23.83, 49.46, 59.91, 73.19, 69.82, 18.03, 48.50, 54.80, 45.02, 50.92, 41.91, 49.94, 62.61, 60.86, 12.20, 17.65


Testing printIntArr311 (integers): 47, 52, 66, 11, 78, 66, 5, 15, 69, 58, 41, 71, 69, 11, 62, 60, 44, 64, 3, 68, 46, 83, 52, 21, 53, 90, 39, 61, 54, 44, 44, 41, 52, 87, 48, 54, 37, 37, 32, 41, 56, 8, 50, 36, 78, 22, 13, 44, 75, 18, 37, 47, 35, 45, 70, 53, 54, 46, 44, 92, 56, 85, 79, 22, 54, 41, 41, 54, 24, 37, 47, 58, 38, 11, 56, 31, 25, 8, 18, 60, 45, 38, 5, 57, 24, 49, 60, 73, 70, 18, 49, 55, 45, 51, 42, 50, 63, 61, 12, 18


Testing bubbleSort311 (integers): 3, 5, 5, 8, 8, 11, 11, 11, 12, 13, 15, 18, 18, 18, 18, 21, 22, 22, 24, 24, 25, 31, 32, 35, 36, 37, 37, 37, 37, 38, 38, 39, 41, 41, 41, 41, 41, 42, 44, 44, 44, 44, 44, 45, 45, 45, 46, 46, 47, 47, 47, 48, 49, 49, 50, 50, 51, 52, 52, 52, 53, 53, 54, 54, 54, 54, 54, 55, 56, 56, 56, 57, 58, 58, 60, 60, 60, 61, 61, 62, 63, 64, 66, 66, 68, 69, 69, 70, 70, 71, 73, 75, 78, 78, 79, 83, 85, 87, 90, 92


Testing toBinary:
0100 1111
0101 0011
0101 0101
0101 0111
0101 1010
0101 1100


   +----------------------------------------+
19 |                 xx  xx                 |
18 |                 xx  xx                 |
17 |                 xx  xx                 |
16 |                 xx  xx                 |
15 |.................xx..xx.................|
14 |                 xx  xx                 |
13 |                 xx  xx  xx             |
12 |                 xx  xx  xx             |
11 |             xx  xx  xx  xx             |
10 |.....xx......xx..xx..xx..xx.............|
09 |     xx      xx  xx  xx  xx             |
08 |     xx      xx  xx  xx  xx  xx         |
07 |     xx      xx  xx  xx  xx  xx         |
06 |     xx  xx  xx  xx  xx  xx  xx         |
05 |.xx..xx..xx..xx..xx..xx..xx..xx.........|
04 | xx  xx  xx  xx  xx  xx  xx  xx         |
03 | xx  xx  xx  xx  xx  xx  xx  xx  xx     |
02 | xx  xx  xx  xx  xx  xx  xx  xx  xx  xx |
01 | xx  xx  xx  xx  xx  xx  xx  xx  xx  xx |
00 |.xx..xx..xx..xx..xx..xx..xx..xx..xx..xx.|
   +----------------------------------------+
      00  10  20  30  40  50  60  70  80  90 



CMPSC311 - Assignment #1 - Spring 2020 Complete.
